2022252065
2022254111
2022252431
2022254401
2022254306
2022255271
2022255501
2022254611
2022254431
2022257163
2022253371
2022253631
2022252726
2022255836
2022255121
2022252216
2022257931
2022252406
2022254506
2022252040
2022252161
2022252811
2022257761
2022252472
2022252911
2022255441
2022253615
2022252506
2022254706
2022254315
2022255031
2022253772
2022253265
2022252965
2022253461
2022255565
2022252201
2022254561
2022253111
2022253826
2022251510
2022254465
2022255330
2022254376
2022254761
2022255645
2022253001
2022259730
2022258104
2022252976
2022252452
2022255435
2022252461
2022258045
2022252301
2022253261
2022259896
2022252915
2022254911
2022256730
2022254131
2022255831
2022253411
2022252542
2022252095
2022253011
2022254695
2022253561
2022256411
2022255476
2022255355
2022251252
2022252211
2022254016
2022255672
2022256506
2022252231
2022254731
2022254572
2022251313
2022252777
2022252646
2022255626
2022253831
2022255755
2022255206
2022252823
2022255744
2022256611
2022252605
2022255661
2022259893
2022253661
2022252002
2022251555
2022255772
2022256231
2022256435
2022251621
2022257772
2022253311
2022254476
2022256365
2022252276
2022252571
2022251880
2022252831
2022254511
2022253711
2022251002
2022256205
2022253665
2022251640
2022252305
2022253072
2022254876
2022255506
2022255076
2022253515
2022259740
2022256636
2022250855
2022254061
2022254671
2022254540
2022256201
2022252665
2022253031
2022255015
2022253915
2022252871
2022254901
2022252401
2022257924
2022252165
2022256216
2022256131
2022258577
2022253965
2022252836
2022255905
2022254011
2022256190
2022256673
2022252371
2022256105
2022252176
2022253611
2022252676
2022252635
2022254005
2022253605
2022252501
2022256030
2022255516
2022250453
2022256631
2022252076
2022252711
2022252435
2022254965
2022252415
2022256165
2022257041
2022254136
2022253906
2022255341
2022255901
2022254961
2022255951
2022255034
2022251688
2022254272
2022252132
2022255315
2022255801
2022255601
2022255006
2022253211
2022252071
2022254576
2022255431
2022256116
2022253376
2022253531
2022254601
2022252735
2022256311
2022252611
2022251947
2022252731
2022256265
2022255611
2022257742
2022255211
2022252661
2022253861
2022253536
2022255936
2022254301
2022257751
2022255861
2022254735
2022255665
2022254906
2022255628
2022254835
2022251986
2022254076
2022253715
2022252015
2022252715
2022252365
2022253032
2022253415
2022254404
2022259888
2022253101
2022253801
2022256306
2022255111
2022252901
2022253106
2022252939
2022254165
2022259894
2022255531
2022255911
2022253816
2022254711
2022254115
2022258699
2022254714
2022252135
2022255406
2022254741
2022259895
2022258171
2022253271
2022253306
2022253315
2022253452
2022252311
2022255916
2022254765
2022255802
2022252706
2022256401
2022258351
2022252601
2022256565
2022252576
2022252331
2022255646
2022255731
2022256111
2022253176
2022252701
2022253931
2022254001
2022258885
2022254035
2022253365
2022253976
2022253065
2022257896
2022255961
2022254176
2022254531
2022255625
2022254931
2022254501
2022254261
2022252476
2022253035
2022256465
2022257508
2022256576
2022257882
2022253026
2022254535
2022255614
2022253021
2022253061
2022252865
2022253484
2022254872
2022256605
2022257084
2022254324
2022257944
2022255701
2022255546
2022254801
2022253765
2022254865
2022252615
2022251784
2022254921
2022255301
2022256101
2022255643
2022259897
2022250123
2022251188
2022254146
2022258050
2022251956
2022252931
2022258220
2022252511
2022255136
2022252111
2022252721
2022255065
2022258901
2022256276
2022252031
2022255235
2022256235
2022254676
2022253076
2022253601
2022259889
2022256676
2022253341
2022256356
2022256416
2022254231
2022252876
2022251605
2022255101
2022252536
2022255765
2022255634
2022255751
2022254236
2022253436
2022253501
2022258020
2022255456
2022252801
2022253706
2022254422
2022254636
2022254065
2022252464
2022253236
2022256501
2022255816
2022252523
2022255931
2022252956
2022255811
2022252631
2022254276
2022251492
2022257032
2022252645
2022252006
2022256316
2022255541
2022255037
2022256161
2022255161
2022256211
2022258273
2022252315
2022254436
2022254311
2022254201
2022253164
2022255126
2022253671
2022259901
2022253361
2022256572
2022254155
2022253701
2022256601
2022252265
2022258490
2022258203
2022254755
2022255256
2022253161
2022257919
2022254211
2022255464
2022256531
2022255792
2022256511
2022256831
2022254372
2022254426
2022252411
2022253335
2022255965
2022252861
2022252906
2022254365
2022250773
2022256405
2022255311
2022254361
2022255401
2022254215
2022253465
2022253201
2022253015
2022254831
2022255711
2022255716
2022252778
2022250508
2022252011
2022253901
2022253252
2022253876
2022255071
2022252815
2022251976
2022254071
2022253115
2022252106
2022252531
2022252271
2022253864
2022254806
2022255705
2022255361
2022256536
2022254811
2022251790
2022252361
2022255876
2022252190
2022256155
2022255635
2022254101
2022259890
